.Random.seed <-
c(403L, 10L, -1679264939L, 686499055L, -1694176522L, -585558496L, 
-1149219869L, 584450177L, 130776816L, -1687130738L, 1906787065L, 
1928708235L, 1714948282L, 1138473916L, 1917944063L, 1141826645L, 
1470771052L, -1570766910L, -1340696547L, -84318057L, 217265662L, 
-311843400L, 254142875L, -558993415L, 141883208L, 1734873718L, 
1809198001L, -1029417501L, 1597123250L, -1869314300L, -1215423417L, 
-376276195L, 1870045588L, -297351878L, 908122501L, 1816525407L, 
-593109786L, -301166736L, -1670016877L, 1490050353L, -464294944L, 
156113022L, -1725357303L, 48604475L, 1904326922L, 1038321900L, 
1291498863L, -1148708187L, 241382492L, -490777550L, 1614164781L, 
-1164252697L, 1907275022L, 2090748648L, 1736475883L, 1276255625L, 
-947045096L, 37216326L, -1449801567L, 2095615795L, 1768537762L, 
-792105580L, 1207333911L, 111809549L, -1304133340L, 1501195530L, 
884771957L, -1107302449L, 1002973398L, 1626925184L, -1100532029L, 
-932421535L, -1413222192L, 1763584558L, -1884054567L, 277505003L, 
-144981414L, 680547356L, -1726672609L, -2080317067L, -2072436724L, 
-1059534366L, -1610157379L, 1980550455L, -638414370L, -997165288L, 
1697095291L, -511366119L, 1152187560L, -535464362L, 2043400913L, 
-1121066365L, 585546002L, 434044068L, 776572007L, -2123807299L, 
-583747788L, 470328474L, -977974555L, 1582486655L, 79572486L, 
-1250928240L, -824384461L, 1761668049L, 911597952L, -1992012706L, 
193342377L, 1897239131L, 1920706154L, 1673833228L, 1697471823L, 
526034437L, 654970044L, 86461842L, 191129229L, -1037968185L, 
2090367406L, -952228856L, 1114347531L, 1534495977L, -2072335432L, 
-1986341786L, 1621832961L, -431303789L, -12798910L, -1382142988L, 
723920375L, -986064403L, -646186364L, -1363518294L, 1841195541L, 
1955460783L, 176846006L, -1297177888L, 317079075L, -1181171391L, 
-782730192L, -984349106L, 526725817L, 275998411L, -1301135494L, 
-1475918212L, -679492929L, 1266295701L, 753386412L, 75803010L, 
382971741L, 791347799L, 975341886L, -1571698312L, -852983205L, 
-2034137671L, 517134344L, 560573110L, -1317871119L, -88041437L, 
1199945842L, 2106460868L, -1903715193L, -1072435107L, -735242668L, 
760206458L, -288563259L, 1133732127L, 1693470886L, -525127120L, 
1725802707L, -1899059471L, -2114370016L, 2080035006L, -708873015L, 
-2090271109L, -853169078L, -412265300L, -563784785L, 1078826853L, 
1240526108L, 1125291378L, -500834835L, -1545375193L, 892043854L, 
2037188264L, 1807514795L, -1367933495L, 1200189912L, 502139014L, 
-1429260959L, 535382259L, -429107358L, -1150697004L, 1814693079L, 
-2127624499L, -471945628L, 714484810L, 1272596917L, -653257457L, 
879174166L, 1306868928L, 474045059L, -1043306847L, 1968253072L, 
-1695202450L, -1419580135L, -1942422101L, 82271130L, -1621699748L, 
1628009055L, 2088417845L, -2144058932L, 2008381730L, 501201789L, 
1587845239L, 1570499998L, -1154694056L, 1991639483L, -928245927L, 
1527469288L, -1616503530L, 657776273L, -1733897405L, -900665774L, 
-681574172L, -682036441L, 701147005L, -1233827212L, -2113309606L, 
-2063094619L, 441407167L, -683020986L, 1629671252L, 1627471426L, 
1819508640L, -883188548L, 1550193104L, 1358602594L, -1927616536L, 
-1900184628L, -583934212L, 373179378L, -1355885440L, 1662116084L, 
-2001932152L, 1127395642L, -4943024L, -1737711508L, 2142461076L, 
-1763941038L, -1663073568L, -2090259252L, -252597088L, -738431614L, 
-969179928L, 1525124332L, -2022225860L, -1364214670L, -808584080L, 
-503496156L, 458479160L, -1000365542L, -1935854384L, -131119556L, 
-33337196L, 1193196674L, 1679858624L, -498323140L, 313728656L, 
283530274L, 1737875464L, 1645257868L, 1195770908L, 177336466L, 
-1415437184L, 1440066580L, -842647768L, -2122393542L, -1787729712L, 
-614619028L, -1530110284L, -1755010030L, -326732832L, 1454302156L, 
-1808109088L, 1211115554L, 1598825768L, 1455952140L, 836993596L, 
592365810L, -1578349328L, -1379559612L, -670061480L, 1016759866L, 
163893488L, 1701783228L, -802168300L, -1558156094L, -1126196640L, 
1420108156L, 456592592L, -1800640478L, 1019102376L, 545689996L, 
2060210620L, 1999199282L, 696407872L, 800821940L, 1037122888L, 
-1185667398L, 1873351440L, -1190315796L, 1737751636L, 859593490L, 
1968651680L, -433727540L, -1721785504L, -1583600446L, -1001422296L, 
-1447301716L, -1703150788L, -1008640142L, -1771806928L, 1290728484L, 
-2027654600L, -168450342L, 950621072L, 827508988L, 166855060L, 
1120940866L, -1132930560L, -436865988L, 1700633168L, 1872131234L, 
-478881976L, -698130932L, -1845014820L, 1928450130L, -1671479168L, 
1725164372L, -1105259544L, 1509475066L, -1977061552L, 1126133804L, 
-2121875084L, -286907758L, -1477103008L, -1824172916L, -2022644384L, 
276097250L, 159101096L, -52606260L, -1783548420L, -935223374L, 
406759408L, -241121852L, -1937524392L, -312011398L, 1888957872L, 
-270616132L, -701150636L, 1457302978L, -340428000L, -1442133060L, 
-1246722992L, -81981470L, 1461154664L, -169752756L, -80270596L, 
883964658L, 1394749696L, -144452492L, 1586244104L, 1045543354L, 
-788354608L, 95505388L, -1731659884L, 184253650L, -3332000L, 
-1874865844L, 95958816L, -764683646L, -1784337944L, 639587308L, 
372469308L, -1389532558L, -274256016L, 1462477092L, 734670392L, 
-959332966L, 410502608L, 1211064764L, 985068180L, 935691906L, 
-2029022784L, -1709781188L, -1643895152L, -1114164446L, 1507477000L, 
1661605644L, 907163548L, -1801162734L, 341787520L, -1374490860L, 
350505256L, 1299312698L, -2130327600L, 568871532L, 1685740596L, 
-1800051566L, -1443926688L, 471109964L, -196216352L, -592834654L, 
-81178712L, 1476830348L, 199214012L, 854194290L, 1012925424L, 
-1246134204L, -997563304L, -1505992646L, 1466753136L, 921694780L, 
-829695212L, -2054185278L, -1127821600L, 1469273212L, -1718189872L, 
-535981150L, -1251425752L, -1838062324L, 474868668L, -1129110222L, 
-1887773504L, -209555916L, -1990183224L, 1163556538L, 1862983824L, 
235293420L, -986121644L, 817913490L, -1893549280L, -140170292L, 
-728896288L, -1446376766L, -907907032L, -1813075028L, -2146981188L, 
-1150724622L, 1861125680L, -632639580L, 1795478968L, 1867824986L, 
75999376L, -36361348L, 1870398228L, 1903694146L, 1067983616L, 
857957176L, -712179487L, 1353552787L, 1860671412L, 444452034L, 
-1570119465L, -979903199L, 677940454L, -167884316L, -1623800555L, 
-435544769L, -2140532520L, -1591340810L, -1474286845L, -1581507515L, 
1247261794L, 54019024L, 1687595257L, -556899797L, 1810353564L, 
-55396918L, 429614783L, -19068919L, -1162659554L, -413680436L, 
1818450077L, -949773017L, 1461301072L, 635953646L, 1235977883L, 
-1162401539L, 2121543658L, -818898808L, -777345487L, 1023991971L, 
1414878372L, 1020327250L, -313507673L, 415847665L, -1669430218L, 
362433748L, -2122764187L, -1741260177L, -1186188120L, -1586769402L, 
426226483L, -1975777387L, 1824031730L, -458917824L, 474909097L, 
-1339406309L, -11233812L, -642144774L, -917982673L, 832396857L, 
-741291954L, 167547036L, -1389202931L, -1753477513L, 866125440L, 
-2044541730L, -995903573L, 272685229L, -672924390L, -304653864L, 
1202414145L, -1923532557L, -334940396L, 792682146L, 1693390775L, 
104334209L, -1883033210L, 212501444L, -178303243L, 1027201887L, 
-1697061448L, 781810838L, 2119144099L, 2123789413L, 259932546L, 
1048836848L, -1023717735L, 1784025739L, 766481276L, -186038870L, 
862817759L, -1974264983L, 692280190L, -504695956L, 1110857661L, 
-1444158329L, -1145120656L, -1101561074L, 2058416187L, 1341677341L, 
-565359158L, 1036945128L, -183678511L, -625099837L, 255096004L, 
2062060402L, -1872644537L, -2032065007L, 684140438L, -958629132L, 
-491803515L, -1296494129L, -301710136L, -1113922202L, -1767254125L, 
-759031563L, -1989283630L, -1125286112L, 296435465L, -1154906053L, 
1189035404L, -403131366L, -2084951921L, 1814593497L, 281223278L, 
-1823218692L, 1338667373L, 1623616279L, 1713552096L, -1926207298L, 
1692558987L, 118103309L, 444477754L, -1814142600L, -1770335455L, 
-737819693L, 31001332L, -1515805822L, 192950807L, 620806369L, 
1749601830L, -560838876L, -1805883435L, 960667519L, 1756121624L, 
1730095414L, -1300711485L, -262654459L, -214092382L, -2103395952L, 
